1,张三,526380
2,李四,571096
4,赵六,832619
5,李齐乐,262591
6,liqile,395623
7,11,735720
9,liqi123,578093
10,123,931495
3,王五,381609
1,张三,526380
2,李四,571096
4,赵六,832619
5,李齐乐,262591
6,liqile,395623
7,11,735720
9,liqi123,578093
10,123,931495
3,王五,381609
1,张三,526380
2,李四,571096
4,赵六,832619
5,李齐乐,262591
6,liqile,395623
7,11,735720
9,liqi123,578093
10,123,931495
3,王五,381609
1,张三,526380
2,李四,571096
4,赵六,832619
5,李齐乐,262591
6,liqile,395623
7,11,735720
9,liqi123,578093
10,123,931495
3,王五,381609
1,张三,526380
2,李四,571096
4,赵六,832619
5,李齐乐,262591
6,liqile,395623
7,11,735720
9,liqi123,578093
10,123,931495
3,王五,381609
1,张三,526380
2,李四,571096
4,赵六,832619
5,李齐乐,262591
6,liqile,395623
7,11,735720
9,liqi123,578093
10,123,931495
3,王五,381609
1,张三,526380
2,李四,571096
4,赵六,832619
5,李齐乐,262591
6,liqile,395623
7,11,735720
9,liqi123,578093
10,123,931495
3,王五,381609
11,111,995061
